
======  GNSS向量网平差计算（参数平差法）  ======

观测值个数：33
未知数个数：9
多余观测：24

原始观测值：
从站	至站	dX(m)	dY(m)	dZ(m)
E	D	-2957.162600	-3035.579700	1836.343600
E	B	-3952.079500	-1534.702900	-993.221000
E	F	-793.131400	1017.304700	-1998.661200
B	F	3158.959900	2552.025500	-1005.419000
B	E	3952.092500	1534.712900	993.223000
B	D	994.945600	-1500.899600	2829.569800
D	E	2957.153500	3035.590700	-1836.341600
D	B	-994.934200	1500.897600	-2829.567800
F	E	793.122900	-1017.319300	1998.646600
F	D	-2164.043400	-4052.901200	3834.961700
F	B	-3158.970100	-2551.998600	1005.432000

站点信息（初始近似坐标）：
点名	X(m)	Y(m)	Z(m)	类型
E	-2696225.530500	4683062.638800	3376832.818100	已知点
B	-2700177.610000	4681527.935900	3375839.597100	未知点
D	-2699182.693100	4680027.059100	3378669.161700	未知点
F	-2697018.661900	4684079.943500	3374834.156900	未知点

观测值残差l（cm）：
序号	dX(cm)	dY(cm)	dZ(cm)
1	-0.000000	-0.000000	0.000000
2	-0.000000	-0.000000	-0.000000
3	-0.000000	-0.000000	-0.000000
4	1.180000	1.790000	2.120000
5	1.300000	1.000000	0.200000
6	2.870000	-2.280000	0.520000
7	-0.910000	1.100000	0.200000
8	-1.730000	2.080000	-0.320000
9	-0.850000	-1.460000	-1.460000
10	-1.220000	-1.680000	-4.310000
11	-2.200000	0.900000	-0.820000

法方程系数矩阵N（摘要）：
164679.5503 -11734.7920 5134.5971 -56306.9263
-11734.7920 62217.4703 -75996.0325 7211.4147
5134.5971 -75996.0325 105632.8993 -6402.7124
-56306.9263 7211.4147 -6402.7124 135562.6827

常数项U（摘要）：
-2015.616166
860.619936
-1003.799115
2201.945669
-1019.863193
981.793231

N逆矩阵（摘要）：
0.0000 0.0000 0.0000
0.0000 0.0002 0.0001
0.0000 0.0001 0.0001

参数改正量（cm）：
B	-0.845230	0.038281	-0.290032
D	1.048571	-2.514390	-0.775893
F	-0.173587	1.171943	1.538657

观测值改正数（cm）：
序号	dX(cm)	dY(cm)	dZ(cm)
1	1.048571	-2.514390	-0.775893
2	-0.845230	0.038281	-0.290032
3	-0.173587	1.171943	1.538657
4	-0.508357	-0.656337	-0.291311
5	-0.454770	-1.038281	0.090032
6	-0.976199	-0.272671	-1.005861
7	-0.138571	1.414390	0.575893
8	-0.163801	0.472671	0.805861
9	1.023587	0.288057	-0.078657
10	2.442158	-2.006333	1.995450
11	1.528357	-2.033663	-1.008689

平差坐标及精度：
点名	X(m)/±mX(cm)	Y(m)/±mY(cm)	Z(m)/±mZ(cm)
E	-2696225.530500/±0.000	4683062.638800/±0.000	3376832.818100/±0.000
B	-2700177.618452/±0.3772	4681527.936283/±1.7967	3375839.594200/±1.3901
D	-2699182.682614/±0.4087	4680027.033956/±1.8020	3378669.153941/±1.3753
F	-2697018.663636/±0.5576	4684079.955219/±2.2641	3374834.172287/±1.6628

=== 精度评定 ===
VTPV：30.775175 cm²
多余观测：24
单位权中误差：±1.132386 cm

坐标协方差矩阵（cm²）：
0.1109 0.1441 0.1008 0.0533 0.0877 0.0605
0.1441 2.5174 1.8349 0.0861 1.2045 0.8952
0.1008 1.8349 1.5069 0.0679 0.8959 0.7470
0.0533 0.0861 0.0679 0.1302 0.1736 0.1229
0.0877 1.2045 0.8959 0.1736 2.5323 1.8132
0.0605 0.8952 0.7470 0.1229 1.8132 1.4751

平差后的基线向量：
从站	至站	dX(m)	dY(m)	dZ(m)
E	D	-2957.152114	-3035.604844	1836.335841
E	B	-3952.087952	-1534.702517	-993.223900
E	F	-793.133136	1017.316419	-1998.645813
B	F	3158.954816	2552.018937	-1005.421913
B	E	3952.087952	1534.702517	993.223900
B	D	994.935838	-1500.902327	2829.559741
D	E	2957.152114	3035.604844	-1836.335841
D	B	-994.935838	1500.902327	-2829.559741
F	E	793.133136	-1017.316419	1998.645813
F	D	-2164.018978	-4052.921263	3834.981655
F	B	-3158.954816	-2552.018937	1005.421913
